8
1
66
746
15287
767
7emeplanS
6emeplanS
5emeplanS
4emeplanS
1erplanS
Back_layer
Player_layer
TilesS 0 832 64 0
TilesS 64 832 64 0
TilesS 128 832 64 0
TilesS 192 832 64 0
TilesS 256 832 64 0
TilesS 320 832 64 0
TilesS 384 832 64 0
TilesS 384 960 64 64
TilesS 320 960 64 64
TilesS 320 896 64 64
TilesS 256 896 64 64
TilesS 192 896 64 64
TilesS 128 896 64 64
TilesS 64 896 64 64
TilesS 0 960 64 64
TilesS 64 960 64 64
TilesS 128 960 64 64
TilesS 192 960 64 64
TilesS 256 960 64 64
TilesS 384 896 64 64
TilesS 448 768 0 64
TilesS 448 704 0 64
TilesS 512 768 128 64
TilesS 512 832 128 64
TilesS 512 704 128 64
TilesS 512 896 64 64
TilesS 448 896 64 64
TilesS 448 960 64 64
TilesS 448 832 64 64
TilesS 448 640 0 64
TilesS 512 640 128 64
TilesS 576 960 64 64
TilesS 640 960 64 64
TilesS 704 960 64 64
TilesS 768 960 64 64
TilesS 832 960 64 64
TilesS 576 896 64 0
TilesS 640 896 64 0
TilesS 704 896 64 0
TilesS 768 896 64 0
TilesS 832 896 64 0
TilesS 896 896 64 0
TilesS 960 896 64 0
TilesS 1024 896 64 0
TilesS 1216 896 0 64
TilesS 1216 832 0 64
TilesS 1216 768 0 64
TilesS 1216 704 0 64
TilesS 1216 640 0 64
TilesS 1216 576 0 0
TilesS 1280 576 128 0
TilesS 1280 704 128 64
TilesS 1280 640 128 64
TilesS 1280 768 64 64
TilesS 1280 832 64 64
TilesS 1280 896 64 64
TilesS 1280 960 64 64
TilesS 1344 768 64 0
TilesS 1408 768 64 0
TilesS 1536 768 64 0
TilesS 1472 768 64 0
TilesS 512 576 128 0
TilesS 448 576 0 0
TilesS 896 320 192 0
TilesS 896 512 192 128
TilesS 896 448 192 64
TilesS 896 384 192 64
TilesS 1344 832 64 64
TilesS 1344 896 64 64
TilesS 1344 960 64 64
TilesS 1344 1024 64 64
TilesS 1408 960 64 64
TilesS 1408 896 64 64
TilesS 1408 832 64 64
TilesS 1472 960 64 64
TilesS 1472 1024 64 64
TilesS 1472 896 64 64
TilesS 1536 960 64 64
TilesS 1536 1024 64 64
TilesS 1536 896 64 64
TilesS 1472 832 64 64
TilesS 1536 832 64 64
TilesS 1600 832 64 64
TilesS 1600 768 64 0
TilesS 1664 768 64 0
TilesS 1728 832 64 64
TilesS 1728 768 64 0
TilesS 1792 768 64 0
TilesS 1856 768 64 0
TilesS 1920 768 64 0
TilesS 1984 768 64 0
TilesS 2048 768 64 0
TilesS 2048 896 64 64
TilesS 1984 896 64 64
TilesS 1920 896 64 64
TilesS 1856 896 64 64
TilesS 1792 896 64 64
TilesS 2048 832 64 64
TilesS 1984 832 64 64
TilesS 1920 832 64 64
TilesS 1856 832 64 64
TilesS 1792 832 64 64
TilesS 1664 832 64 64
TilesS 1664 896 64 64
TilesS 1664 960 64 64
TilesS 1728 960 64 64
TilesS 1792 960 64 64
TilesS 1856 960 64 64
TilesS 1920 960 64 64
TilesS 1984 960 64 64
TilesS 1600 960 64 64
TilesS 1600 896 64 64
TilesS 1920 448 256 128
TilesS 1856 448 256 64
TilesS 1792 448 256 0
TilesS 2112 704 192 64
TilesS 2112 512 0 0
TilesS 2112 640 192 64
TilesS 2112 576 192 64
TilesS 2176 512 256 64
TilesS 2240 512 256 64
TilesS 2304 512 256 64
TilesS 2368 512 256 64
TilesS 2432 512 256 128
TilesS 2112 768 64 64
TilesS 2112 832 64 64
TilesS 2112 896 64 64
TilesS 2112 960 64 64
TilesS 2176 768 64 0
TilesS 2240 768 64 0
TilesS 2304 768 128 0
TilesS 2368 960 64 64
TilesS 2432 960 64 64
TilesS 2496 960 64 64
TilesS 2560 960 64 64
TilesS 2432 896 64 0
TilesS 2240 960 64 64
TilesS 2240 896 64 64
TilesS 2176 896 64 64
TilesS 2176 960 64 64
TilesS 2176 832 64 64
TilesS 2240 832 64 64
TilesS 2304 832 128 64
TilesS 2304 896 64 64
TilesS 2304 960 64 64
TilesS 2304 1024 64 64
TilesS 2240 1024 64 64
TilesS 2176 1024 64 64
TilesS 2368 896 64 0
TilesS 2496 896 64 0
TilesS 2560 896 64 0
TilesS 2560 1024 64 64
TilesS 2496 1024 64 64
TilesS 2432 1024 64 64
TilesS 2368 1024 64 64
TilesS 2624 1024 64 64
TilesS 2688 1024 64 64
TilesS 2624 960 64 64
TilesS 2688 960 64 64
TilesS 2624 896 64 64
TilesS 2688 896 64 64
TilesS 2624 704 0 0
TilesS 2624 768 0 64
TilesS 2624 832 0 64
TilesS 2688 704 128 0
TilesS 2752 768 64 0
TilesS 2816 768 128 0
TilesS 2688 832 64 64
TilesS 2688 768 64 64
TilesS 2752 832 64 64
TilesS 2816 832 64 64
TilesS 2816 896 64 64
TilesS 2752 896 64 64
TilesS 2880 832 64 0
TilesS 2944 832 64 0
TilesS 3072 832 64 0
TilesS 3008 832 64 0
TilesS 3136 832 64 0
TilesS 3200 832 64 0
TilesS 3264 832 64 0
TilesS 3328 832 64 0
TilesS 3328 960 64 64
TilesS 3264 960 64 64
TilesS 3200 960 64 64
TilesS 3200 1024 64 64
TilesS 3136 1024 64 64
TilesS 3136 960 64 64
TilesS 3136 896 64 64
TilesS 3072 960 64 64
TilesS 3008 960 64 64
TilesS 3200 896 64 64
TilesS 3264 896 64 64
TilesS 3072 896 64 64
TilesS 3008 896 64 64
TilesS 2944 896 64 64
TilesS 2880 896 64 64
TilesS 2880 960 64 64
TilesS 2944 960 64 64
TilesS 3072 1024 64 64
TilesS 3392 768 0 64
TilesS 3392 704 0 64
TilesS 3392 640 0 64
TilesS 3392 576 0 0
TilesS 3456 576 128 0
TilesS 3456 640 128 64
TilesS 3456 768 128 64
TilesS 3456 832 128 64
TilesS 3392 896 64 64
TilesS 3392 832 64 64
TilesS 3456 896 64 64
TilesS 3456 960 64 64
TilesS 3392 960 64 64
TilesS 3392 1024 64 64
TilesS 3456 1024 64 64
TilesS 3520 896 64 0
TilesS 3584 896 64 0
TilesS 3648 896 64 0
TilesS 3712 896 64 0
TilesS 3776 896 64 0
TilesS 3456 704 128 64
TilesS 3840 960 64 64
TilesS 3904 960 64 64
TilesS 3968 960 64 64
TilesS 3840 896 64 0
TilesS 3904 896 64 0
TilesS 3968 896 64 0
TilesS 4032 896 64 0
TilesS 4096 896 64 0
TilesS 4160 896 64 0
TilesS 4224 896 64 0
TilesS 4288 896 64 0
TilesS 4288 960 64 64
TilesS 4224 960 64 64
TilesS 4160 960 64 64
TilesS 4096 960 64 64
TilesS 4032 960 64 64
TilesS 3968 1024 64 64
TilesS 3904 1024 64 64
TilesS 4032 1024 64 64
TilesS 4096 1024 64 64
TilesS 4160 1024 64 64
TilesS 4224 1024 64 64
TilesS 4288 1024 64 64
TilesS 4352 1024 64 64
TilesS 3840 1024 64 64
TilesS 3776 1024 64 64
TilesS 3712 1024 64 64
TilesS 3904 640 256 0
TilesS 4160 640 256 128
TilesS 3968 640 256 64
TilesS 4032 640 256 64
TilesS 4096 640 256 64
TilesS 4416 256 192 64
TilesS 4416 192 192 64
TilesS 4416 128 128 0
TilesS 4416 320 0 128
TilesS 4480 320 256 128
TilesS 4352 128 256 0
TilesS 4352 896 64 0
TilesS 4416 896 64 0
TilesS 4480 896 64 0
TilesS 4544 896 64 0
TilesS 4608 896 64 0
TilesS 4672 896 64 0
TilesS 4736 896 64 0
TilesS 4800 896 64 0
TilesS 4864 896 64 0
TilesS 4928 896 64 0
TilesS 4352 960 64 64
TilesS 4416 960 64 64
TilesS 4480 960 64 64
TilesS 4544 1024 64 64
TilesS 4608 1024 64 64
TilesS 4672 1024 64 64
TilesS 4736 1024 64 64
TilesS 4800 1024 64 64
TilesS 4864 1024 64 64
TilesS 4928 1024 64 64
TilesS 4928 960 64 64
TilesS 4864 960 64 64
TilesS 4800 960 64 64
TilesS 4736 960 64 64
TilesS 4672 960 64 64
TilesS 4608 960 64 64
TilesS 4544 960 64 64
TilesS 4736 320 0 64
TilesS 4736 384 0 64
TilesS 4736 512 0 64
TilesS 4736 448 0 64
TilesS 4736 576 0 128
TilesS 4800 576 128 128
TilesS 4800 512 128 64
TilesS 4800 448 128 64
TilesS 4800 384 128 64
TilesS 4800 320 128 64
TilesS 4800 256 128 0
TilesS 4992 768 0 64
TilesS 4992 832 0 64
TilesS 4992 704 0 64
TilesS 4992 640 0 64
TilesS 4992 576 0 0
TilesS 5056 576 64 0
TilesS 5120 576 64 0
TilesS 5184 576 64 0
TilesS 5248 576 64 0
TilesS 5312 576 64 0
TilesS 5376 576 64 0
TilesS 4992 960 64 64
TilesS 4992 1024 64 64
TilesS 5056 1024 64 64
TilesS 4992 896 64 64
TilesS 5056 896 64 64
TilesS 5056 960 64 64
TilesS 5056 832 64 64
TilesS 5056 768 64 64
TilesS 5056 704 64 64
TilesS 5056 640 64 64
TilesS 5120 640 64 64
TilesS 5184 640 64 64
TilesS 5248 640 64 64
TilesS 5312 640 64 64
TilesS 5376 640 64 64
TilesS 5376 704 64 64
TilesS 5376 768 64 64
TilesS 5312 768 64 64
TilesS 5248 768 64 64
TilesS 5248 704 64 64
TilesS 5184 704 64 64
TilesS 5120 704 64 64
TilesS 5312 704 64 64
TilesS 5184 768 64 64
TilesS 5120 768 64 64
TilesS 5120 832 64 64
TilesS 5184 832 64 64
TilesS 5248 832 64 64
TilesS 5312 832 64 64
TilesS 5376 832 64 64
TilesS 5376 896 64 64
TilesS 5312 896 64 64
TilesS 5248 896 64 64
TilesS 5184 896 64 64
TilesS 5120 896 64 64
TilesS 5120 960 64 64
TilesS 5184 960 64 64
TilesS 5248 960 64 64
TilesS 5248 1024 64 64
TilesS 5312 1024 64 64
TilesS 5312 960 64 64
TilesS 5376 960 64 64
TilesS 5376 1024 64 64
TilesS 5440 640 64 64
TilesS 5504 640 64 64
TilesS 5440 576 64 0
TilesS 5504 576 64 0
TilesS 5568 576 128 0
TilesS 5568 640 128 64
TilesS 5568 704 128 64
TilesS 5568 832 128 64
TilesS 5568 768 128 64
TilesS 5440 768 64 64
TilesS 5504 768 64 64
TilesS 5504 704 64 64
TilesS 5440 704 64 64
TilesS 5440 832 64 64
TilesS 5504 832 64 64
TilesS 5504 896 64 64
TilesS 5440 896 64 64
TilesS 5504 960 64 64
TilesS 5440 960 64 64
TilesS 5440 1024 64 64
TilesS 5568 960 64 64
TilesS 5568 1024 64 64
TilesS 5568 896 64 64
TilesS 5632 896 64 0
TilesS 5632 960 64 64
TilesS 5696 960 64 64
TilesS 5632 1024 64 64
TilesS 5696 1024 64 64
TilesS 5760 1024 64 64
TilesS 5696 896 64 0
TilesS 5760 896 64 0
TilesS 5824 896 64 0
TilesS 5888 896 64 0
TilesS 5824 960 64 64
TilesS 5824 1024 64 64
TilesS 5760 960 64 64
TilesS 5888 960 64 64
TilesS 5888 1024 64 64
TilesS 5952 960 64 64
TilesS 5952 896 64 0
TilesS 6016 896 64 0
TilesS 6080 896 64 0
TilesS 6144 896 64 0
TilesS 6016 960 64 64
TilesS 6016 1024 64 64
TilesS 6080 1024 64 64
TilesS 6080 960 64 64
TilesS 6144 1024 64 64
TilesS 6144 960 64 64
TilesS 6208 704 256 0
TilesS 6272 704 256 64
TilesS 6336 704 256 64
TilesS 6400 704 256 64
TilesS 6464 704 256 64
TilesS 6528 704 256 64
TilesS 6592 704 256 64
TilesS 6656 704 256 64
TilesS 6720 704 256 64
TilesS 6784 704 256 128
TilesS 6208 896 64 0
TilesS 6272 896 64 0
TilesS 6336 896 64 0
TilesS 6400 896 64 0
TilesS 6464 896 64 0
TilesS 6528 896 64 0
TilesS 6592 896 64 0
TilesS 6656 896 64 0
TilesS 6720 896 64 0
TilesS 6784 896 64 0
TilesS 6784 1024 64 64
TilesS 6720 1024 64 64
TilesS 6656 1024 64 64
TilesS 6592 1024 64 64
TilesS 6528 1024 64 64
TilesS 6528 960 64 64
TilesS 6464 960 64 64
TilesS 6400 960 64 64
TilesS 6336 960 64 64
TilesS 6272 960 64 64
TilesS 6208 960 64 64
TilesS 6592 960 64 64
TilesS 6656 960 64 64
TilesS 6720 960 64 64
TilesS 6784 960 64 64
TilesS 6464 1024 64 64
TilesS 6400 1024 64 64
TilesS 6336 1024 64 64
TilesS 6272 1024 64 64
TilesS 6208 1024 64 64
TilesS 5504 1024 64 64
TilesS 5184 1024 64 64
TilesS 6208 320 256 0
TilesS 6272 320 256 64
TilesS 6336 320 256 64
TilesS 6400 320 256 64
TilesS 6464 320 256 64
TilesS 6528 320 256 64
TilesS 6592 320 256 64
TilesS 6656 320 256 64
TilesS 6720 320 256 64
TilesS 6784 320 256 128
TilesS 7552 832 0 64
TilesS 7552 768 0 64
TilesS 7552 704 0 64
TilesS 7552 640 0 0
TilesS 6848 896 64 0
TilesS 6912 896 64 0
TilesS 6976 896 64 0
TilesS 7040 896 64 0
TilesS 7104 896 64 0
TilesS 7168 896 64 0
TilesS 7232 896 64 0
TilesS 7296 896 64 0
TilesS 7360 896 64 0
TilesS 7424 896 64 0
TilesS 7488 896 64 0
TilesS 7552 896 64 64
TilesS 7552 960 64 64
TilesS 7552 1024 64 64
TilesS 7488 1024 64 64
TilesS 7424 1024 64 64
TilesS 7424 960 64 64
TilesS 7488 960 64 64
TilesS 7360 960 64 64
TilesS 7360 1024 64 64
TilesS 7296 1024 64 64
TilesS 7232 1024 64 64
TilesS 7168 1024 64 64
TilesS 7104 1024 64 64
TilesS 7104 960 64 64
TilesS 7040 960 64 64
TilesS 6976 960 64 64
TilesS 6912 960 64 64
TilesS 6848 960 64 64
TilesS 6848 1024 64 64
TilesS 6912 1024 64 64
TilesS 6976 1024 64 64
TilesS 7040 1024 64 64
TilesS 1088 896 64 0
TilesS 1152 896 64 0
TilesS 1600 832 64 64
TilesS 2048 960 64 64
TilesS 3328 896 64 64
TilesS 3328 1024 64 64
TilesS 3264 1024 64 64
TilesS 2880 1024 64 64
TilesS 2816 1024 64 64
TilesS 2816 960 64 64
TilesS 2752 960 64 64
TilesS 2752 1024 64 64
TilesS 2944 1024 64 64
TilesS 3008 1024 64 64
TilesS 3520 1024 64 64
TilesS 3584 1024 64 64
TilesS 3648 1024 64 64
TilesS 3520 960 64 64
TilesS 3584 960 64 64
TilesS 3648 960 64 64
TilesS 3712 960 64 64
TilesS 3776 960 64 64
TilesS 4416 1024 64 64
TilesS 4480 1024 64 64
TilesS 5120 1024 64 64
TilesS 5952 1024 64 64
TilesS 1728 896 64 64
TilesS 2688 960 64 64
TilesS 7616 640 64 0
TilesS 7616 704 64 64
TilesS 7616 768 64 64
TilesS 7616 832 64 64
TilesS 7616 896 64 64
TilesS 7616 960 64 64
TilesS 7616 1024 64 64
TilesS 7680 704 64 64
TilesS 7744 704 64 64
TilesS 7808 704 64 64
TilesS 7680 640 64 0
TilesS 7744 640 64 0
TilesS 7808 640 64 0
TilesS 7872 640 128 0
TilesS 7872 704 128 64
TilesS 7680 832 64 64
TilesS 7680 768 64 64
TilesS 7744 768 64 64
TilesS 7808 768 64 64
TilesS 7808 832 64 64
TilesS 7744 832 64 64
TilesS 7744 896 64 64
TilesS 7680 896 64 64
TilesS 7808 896 64 64
TilesS 7808 960 64 64
TilesS 7744 960 64 64
TilesS 7680 960 64 64
TilesS 7680 1024 64 64
TilesS 7808 1024 64 64
TilesS 7936 768 64 0
TilesS 8000 768 64 0
TilesS 8064 768 64 0
TilesS 8128 768 64 0
TilesS 8192 768 64 0
TilesS 8256 768 64 0
TilesS 8320 768 64 0
TilesS 8384 768 128 0
TilesS 7872 768 64 64
TilesS 7872 832 64 64
TilesS 7872 896 64 64
TilesS 7936 832 64 64
TilesS 8000 832 64 64
TilesS 8064 832 64 64
TilesS 8128 832 64 64
TilesS 8128 896 64 64
TilesS 8192 896 64 64
TilesS 8256 896 64 64
TilesS 8320 896 64 64
TilesS 8320 832 64 64
TilesS 8384 832 128 64
TilesS 8256 832 64 64
TilesS 8192 832 64 64
TilesS 8384 896 64 64
TilesS 8384 960 64 64
TilesS 8320 960 64 64
TilesS 8256 960 64 64
TilesS 8192 960 64 64
TilesS 8128 960 64 64
TilesS 8064 960 64 64
TilesS 8064 896 64 64
TilesS 8000 896 64 64
TilesS 7936 896 64 64
TilesS 7936 960 64 64
TilesS 7936 1024 64 64
TilesS 8000 1024 64 64
TilesS 8000 960 64 64
TilesS 8064 1024 64 64
TilesS 8320 1024 64 64
TilesS 8256 1024 64 64
TilesS 8384 1024 64 64
TilesS 8192 1024 64 64
TilesS 8128 1024 64 64
TilesS 7872 1024 64 64
TilesS 7744 1024 64 64
TilesS 8448 896 64 0
TilesS 8512 896 64 0
TilesS 8640 896 64 0
TilesS 8576 896 64 0
TilesS 8704 896 64 0
TilesS 8768 896 64 0
TilesS 8832 896 128 0
TilesS 8832 1024 64 64
TilesS 8768 1024 64 64
TilesS 8704 1024 64 64
TilesS 8640 1024 64 64
TilesS 8576 1024 64 64
TilesS 8576 960 64 64
TilesS 8512 960 64 64
TilesS 8448 960 64 64
TilesS 8448 1024 64 64
TilesS 8512 1024 64 64
TilesS 8640 960 64 64
TilesS 8704 960 64 64
TilesS 8768 960 64 64
TilesS 8832 960 64 64
TilesS 8896 960 64 0
TilesS 8960 960 64 0
TilesS 9024 960 64 0
TilesS 9088 960 64 0
TilesS 9152 960 64 0
TilesS 9216 960 64 0
TilesS 9280 960 64 0
TilesS 9344 960 64 0
TilesS 9408 960 64 0
TilesS 9472 960 64 0
TilesS 9536 960 64 0
TilesS 9600 960 64 0
TilesS 9664 960 64 0
TilesS 9792 960 64 0
TilesS 9856 960 64 0
TilesS 9920 960 64 0
TilesS 9984 960 64 0
TilesS 10048 960 64 0
TilesS 10112 960 64 0
TilesS 10112 1024 64 64
TilesS 10048 1024 64 64
TilesS 9984 1024 64 64
TilesS 9920 1024 64 64
TilesS 9344 1024 64 64
TilesS 9408 1024 64 64
TilesS 9472 1024 64 64
TilesS 9536 1024 64 64
TilesS 9600 1024 64 64
TilesS 9664 1024 64 64
TilesS 9728 1024 64 64
TilesS 9792 1024 64 64
TilesS 9856 1024 64 64
TilesS 9280 1024 64 64
TilesS 9216 1024 64 64
TilesS 9152 1024 64 64
TilesS 9088 1024 64 64
TilesS 9024 1024 64 64
TilesS 8960 1024 64 64
TilesS 8896 1024 64 64
TilesS 10176 960 64 64
TilesS 10176 896 0 64
TilesS 10176 832 0 64
TilesS 10176 768 0 64
TilesS 10176 704 0 64
TilesS 10176 640 0 0
TilesS 9024 0 192 0
TilesS 9024 128 192 64
TilesS 9024 192 192 64
TilesS 9024 64 192 64
TilesS 9024 256 192 64
TilesS 9024 320 192 64
TilesS 9024 384 192 64
TilesS 9024 448 192 64
TilesS 9024 512 192 128
TilesS 9280 768 192 128
TilesS 9280 704 192 64
TilesS 9280 640 192 64
TilesS 9280 576 192 64
TilesS 9280 512 192 64
TilesS 9280 320 192 64
TilesS 9280 384 192 64
TilesS 9280 448 192 64
TilesS 9280 256 192 0
TilesS 9536 0 192 0
TilesS 9536 128 192 64
TilesS 9536 192 192 64
TilesS 9536 64 192 64
TilesS 9536 256 192 64
TilesS 9536 320 192 64
TilesS 9536 384 192 64
TilesS 9536 448 192 64
TilesS 9536 512 192 64
TilesS 9536 576 192 128
TilesS 9792 768 192 128
TilesS 9792 192 192 0
TilesS 9792 320 192 64
TilesS 9792 256 192 64
TilesS 9792 384 192 64
TilesS 9792 448 192 64
TilesS 9792 512 192 64
TilesS 9792 576 192 64
TilesS 9792 640 192 64
TilesS 9792 704 192 64
TilesS 10240 640 64 0
TilesS 10304 640 64 0
TilesS 10368 640 128 0
TilesS 10368 704 128 64
TilesS 10240 768 64 64
TilesS 10304 768 64 64
TilesS 10304 704 64 64
TilesS 10240 704 64 64
TilesS 10240 832 64 64
TilesS 10240 896 64 64
TilesS 10240 960 64 64
TilesS 10240 1024 64 64
TilesS 10304 1024 64 64
TilesS 10304 960 64 64
TilesS 10304 896 64 64
TilesS 10304 832 64 64
TilesS 10176 1024 64 64
TilesS 10368 768 64 64
TilesS 10368 832 64 64
TilesS 10368 896 64 64
TilesS 10368 960 64 64
TilesS 10368 1024 64 64
TilesS 10432 768 64 0
TilesS 10496 768 64 0
TilesS 10560 768 64 0
TilesS 10624 768 64 0
TilesS 10688 768 64 0
TilesS 10752 768 64 0
TilesS 10816 768 64 0
TilesS 10880 768 64 0
TilesS 10944 768 64 0
TilesS 11008 768 64 0
TilesS 11072 768 64 0
TilesS 11136 768 64 0
TilesS 11200 768 64 0
TilesS 11264 768 64 0
TilesS 11328 768 64 0
TilesS 11392 768 64 0
TilesS 11456 768 64 0
TilesS 11520 768 64 0
TilesS 11520 896 64 64
TilesS 11456 896 64 64
TilesS 11392 896 64 64
TilesS 11520 832 64 64
TilesS 11456 832 64 64
TilesS 11392 832 64 64
TilesS 11328 832 64 64
TilesS 11264 832 64 64
TilesS 11200 832 64 64
TilesS 11136 832 64 64
TilesS 11072 832 64 64
TilesS 11008 832 64 64
TilesS 10944 832 64 64
TilesS 10880 832 64 64
TilesS 10816 832 64 64
TilesS 10752 832 64 64
TilesS 10688 832 64 64
TilesS 10624 832 64 64
TilesS 10560 832 64 64
TilesS 10496 832 64 64
TilesS 10432 832 64 64
TilesS 10432 896 64 64
TilesS 10496 896 64 64
TilesS 10560 896 64 64
TilesS 10624 896 64 64
TilesS 10688 896 64 64
TilesS 10752 896 64 64
TilesS 10816 896 64 64
TilesS 10880 896 64 64
TilesS 10944 896 64 64
TilesS 11008 896 64 64
TilesS 11072 896 64 64
TilesS 11136 896 64 64
TilesS 11200 896 64 64
TilesS 11264 896 64 64
TilesS 11328 896 64 64
TilesS 11456 960 64 64
TilesS 11520 960 64 64
TilesS 11392 960 64 64
TilesS 11328 960 64 64
TilesS 11264 960 64 64
TilesS 11200 960 64 64
TilesS 11136 960 64 64
TilesS 11072 960 64 64
TilesS 11008 960 64 64
TilesS 10944 960 64 64
TilesS 10880 960 64 64
TilesS 10880 1024 64 64
TilesS 10816 1024 64 64
TilesS 10752 1024 64 64
TilesS 10688 1024 64 64
TilesS 10688 960 64 64
TilesS 10624 960 64 64
TilesS 10752 960 64 64
TilesS 10816 960 64 64
TilesS 10560 960 64 64
TilesS 10496 960 64 64
TilesS 10432 960 64 64
TilesS 10432 1024 64 64
TilesS 10496 1024 64 64
TilesS 10624 1024 64 64
TilesS 10560 1024 64 64
TilesS 10944 1024 64 64
TilesS 11008 1024 64 64
TilesS 11072 1024 64 64
TilesS 11136 1024 64 64
TilesS 11200 1024 64 64
TilesS 11264 1024 64 64
TilesS 11328 1024 64 64
TilesS 11392 1024 64 64
TilesS 11456 1024 64 64
TilesS 11520 1024 64 64
TilesS 11584 704 0 64
TilesS 11584 640 0 0
TilesS 11648 640 64 0
TilesS 11712 640 64 0
TilesS 11776 640 128 0
TilesS 11776 768 128 64
TilesS 11776 704 128 64
TilesS 11712 704 64 64
TilesS 11712 768 64 64
TilesS 11712 832 64 64
TilesS 11648 768 64 64
TilesS 11648 832 64 64
TilesS 11648 704 64 64
TilesS 11584 832 64 64
TilesS 11584 896 64 64
TilesS 11584 768 64 64
TilesS 11776 832 64 64
TilesS 11776 896 64 64
TilesS 11776 960 64 64
TilesS 11712 960 64 64
TilesS 11648 960 64 64
TilesS 11648 896 64 64
TilesS 11712 896 64 64
TilesS 11584 960 64 64
TilesS 11584 1024 64 64
TilesS 11648 1024 64 64
TilesS 11776 1024 64 64
TilesS 11840 1024 64 64
TilesS 11712 1024 64 64
TilesS 10880 512 256 64
TilesS 10944 512 256 64
TilesS 11008 512 256 64
TilesS 11072 512 256 64
TilesS 10816 512 256 0
TilesS 11136 512 256 128
TilesS 11840 832 64 0
TilesS 11904 832 128 0
TilesS 11904 896 128 64
TilesS 11968 960 64 0
TilesS 12032 960 64 0
TilesS 12096 960 64 0
TilesS 12160 960 64 0
TilesS 12224 960 64 0
TilesS 12288 960 64 0
TilesS 12352 960 64 0
TilesS 12416 960 64 0
TilesS 11840 960 64 64
TilesS 11840 896 64 64
TilesS 11904 960 64 64
TilesS 11904 1024 64 64
TilesS 11968 1024 64 64
TilesS 12032 1024 64 64
TilesS 12096 1024 64 64
TilesS 12160 1024 64 64
TilesS 12224 1024 64 64
TilesS 12288 1024 64 64
TilesS 12352 1024 64 64
TilesS 12416 1024 64 64
TilesS 12480 896 0 64
TilesS 12480 832 0 0
TilesS 12544 832 128 0
TilesS 12544 896 128 64
TilesS 12480 960 64 64
TilesS 12544 960 64 64
TilesS 12544 1024 64 64
TilesS 12480 1024 64 64
TilesS 12608 960 64 0
TilesS 12672 960 64 0
TilesS 12736 960 64 0
TilesS 12608 1024 64 64
TilesS 12672 1024 64 64
TilesS 12736 1024 64 64
TilesS 12800 896 0 0
TilesS 12864 768 0 0
TilesS 12864 832 0 64
TilesS 12864 896 64 64
TilesS 12864 960 64 64
TilesS 12800 960 64 64
TilesS 12800 1024 64 64
TilesS 12864 1024 64 64
TilesS 12928 704 0 64
TilesS 12928 640 0 0
TilesS 12992 640 128 0
TilesS 12992 704 128 64
TilesS 13056 768 64 0
TilesS 13120 768 64 0
TilesS 13184 704 0 64
TilesS 13184 640 0 64
TilesS 13184 576 0 0
TilesS 13184 832 64 64
TilesS 13184 768 64 64
TilesS 13120 832 64 64
TilesS 13056 832 64 64
TilesS 12992 832 64 64
TilesS 12992 768 64 64
TilesS 12928 768 64 64
TilesS 12928 832 64 64
TilesS 12928 896 64 64
TilesS 12928 960 64 64
TilesS 12928 1024 64 64
TilesS 12992 1024 64 64
TilesS 12992 960 64 64
TilesS 12992 896 64 64
TilesS 13056 896 64 64
TilesS 13056 960 64 64
TilesS 13056 1024 64 64
TilesS 13120 1024 64 64
TilesS 13120 960 64 64
TilesS 13120 896 64 64
TilesS 13184 896 64 64
TilesS 13184 960 64 64
TilesS 13184 1024 64 64
TilesS 13248 576 64 0
TilesS 13312 576 64 0
TilesS 13376 512 0 64
TilesS 13376 448 0 0
TilesS 13376 640 64 64
TilesS 13376 704 64 64
TilesS 13376 576 64 64
TilesS 13376 768 64 64
TilesS 13376 832 64 64
TilesS 13376 896 64 64
TilesS 13376 960 64 64
TilesS 13376 1024 64 64
TilesS 13312 1024 64 64
TilesS 13248 1024 64 64
TilesS 13312 960 64 64
TilesS 13248 960 64 64
TilesS 13248 896 64 64
TilesS 13312 896 64 64
TilesS 13312 832 64 64
TilesS 13248 832 64 64
TilesS 13312 768 64 64
TilesS 13248 768 64 64
TilesS 13312 704 64 64
TilesS 13248 704 64 64
TilesS 13248 640 64 64
TilesS 13312 640 64 64
TilesS 13376 640 64 64
TilesS 13440 448 64 0
TilesS 13504 448 128 0
TilesS 13504 512 128 64
TilesS 13504 576 128 64
TilesS 13504 640 128 64
TilesS 13504 704 128 64
TilesS 13504 768 128 64
TilesS 13504 832 128 64
TilesS 13504 896 128 64
TilesS 13440 512 64 64
TilesS 13440 576 64 64
TilesS 13440 640 64 64
TilesS 13440 704 64 64
TilesS 13440 768 64 64
TilesS 13440 832 64 64
TilesS 13440 896 64 64
TilesS 13440 960 64 64
TilesS 13440 1024 64 64
TilesS 13504 1024 64 64
TilesS 13504 960 64 64
TilesS 13568 960 64 0
TilesS 13632 960 64 0
TilesS 13696 960 64 0
TilesS 13760 960 64 64
TilesS 13760 896 192 64
TilesS 13760 832 192 0
TilesS 13760 1024 64 64
TilesS 13696 1024 64 64
TilesS 13632 1024 64 64
TilesS 13568 1024 64 64
TilesS 13824 960 64 0
TilesS 13888 960 64 0
TilesS 13952 960 64 0
TilesS 14016 896 0 64
TilesS 14016 832 0 64
TilesS 14016 768 0 64
TilesS 14016 704 0 0
TilesS 14080 704 64 0
TilesS 14144 704 128 0
TilesS 14208 768 64 0
TilesS 14272 768 128 0
TilesS 14080 768 64 64
TilesS 14144 768 64 64
TilesS 14144 832 64 64
TilesS 14080 832 64 64
TilesS 14080 896 64 64
TilesS 14144 896 64 64
TilesS 14144 960 64 64
TilesS 14080 960 64 64
TilesS 14016 960 64 64
TilesS 14016 1024 64 64
TilesS 13952 1024 64 64
TilesS 13888 1024 64 64
TilesS 13824 1024 64 64
TilesS 14080 1024 64 64
TilesS 14144 1024 64 64
TilesS 14208 832 64 64
TilesS 14272 832 128 64
TilesS 14272 896 64 64
TilesS 14208 896 64 64
TilesS 14208 960 64 64
TilesS 14208 1024 64 64
TilesS 14272 1024 64 64
TilesS 14336 896 64 0
TilesS 14400 896 64 0
TilesS 14464 896 64 0
TilesS 14528 896 64 0
TilesS 14592 896 64 0
TilesS 14656 896 64 0
TilesS 14720 896 64 0
TilesS 14784 896 64 0
TilesS 14848 896 64 0
TilesS 14912 896 64 0
TilesS 14976 896 64 0
TilesS 15040 896 64 0
TilesS 15104 896 64 0
TilesS 14336 1024 64 64
TilesS 14336 960 64 64
TilesS 14400 960 64 64
TilesS 14464 960 64 64
TilesS 14528 960 64 64
TilesS 14592 960 64 64
TilesS 14656 960 64 64
TilesS 14720 960 64 64
TilesS 14784 960 64 64
TilesS 14848 960 64 64
TilesS 14912 960 64 64
TilesS 14976 960 64 64
TilesS 15040 960 64 64
TilesS 15104 960 64 64
TilesS 15104 1024 64 64
TilesS 15040 1024 64 64
TilesS 14976 1024 64 64
TilesS 14912 1024 64 64
TilesS 14848 1024 64 64
TilesS 14784 1024 64 64
TilesS 14720 1024 64 64
TilesS 14656 1024 64 64
TilesS 14592 1024 64 64
TilesS 14528 1024 64 64
TilesS 14464 1024 64 64
TilesS 14400 1024 64 64
TilesS 15168 832 0 0
TilesS 15232 832 64 0
TilesS 15296 832 64 0
TilesS 15232 960 64 64
TilesS 15296 960 64 64
TilesS 15296 896 64 64
TilesS 15232 896 64 64
TilesS 15296 1024 64 64
TilesS 15232 1024 64 64
TilesS 15168 1024 64 64
TilesS 15168 960 64 64
TilesS 15168 896 64 64
TilesS 4736 192 192 0
TilesS 4736 256 0 64
Deco_layer
Front_layer
Piques
TilesPiquesS 576 832 192 64
TilesPiquesS 640 832 192 64
TilesPiquesS 704 832 192 64
TilesPiquesS 768 832 192 64
TilesPiquesS 832 832 192 64
TilesPiquesS 896 832 192 64
TilesPiquesS 960 832 192 64
TilesPiquesS 1024 832 192 64
TilesPiquesS 1088 896 192 64
TilesPiquesS 1088 832 192 64
TilesPiquesS 1152 832 192 64
TilesPiquesS 1152 896 192 64
TilesPiquesS 1344 448 320 0
TilesPiquesS 1344 512 320 64
TilesPiquesS 1344 576 320 64
TilesPiquesS 1344 640 320 64
TilesPiquesS 1344 704 320 128
TilesPiquesS 896 256 64 0
TilesPiquesS 832 256 0 0
TilesPiquesS 832 320 0 64
TilesPiquesS 832 384 0 64
TilesPiquesS 832 448 0 64
TilesPiquesS 832 512 128 0
TilesPiquesS 2432 832 192 64
TilesPiquesS 2496 832 192 64
TilesPiquesS 2560 832 192 64
TilesPiquesS 2368 832 192 64
TilesPiquesS 3520 832 192 64
TilesPiquesS 3584 832 192 64
TilesPiquesS 3648 832 192 64
TilesPiquesS 3712 832 192 64
TilesPiquesS 3776 832 192 64
TilesPiquesS 3712 704 320 128
TilesPiquesS 3712 640 320 64
TilesPiquesS 3712 576 320 0
TilesPiquesS 3712 192 320 0
TilesPiquesS 3712 256 320 64
TilesPiquesS 3712 320 320 128
TilesPiquesS 3840 832 192 64
TilesPiquesS 3904 832 192 64
TilesPiquesS 3968 832 192 64
TilesPiquesS 4032 832 192 64
TilesPiquesS 4096 832 192 64
TilesPiquesS 4160 832 192 64
TilesPiquesS 4224 832 192 64
TilesPiquesS 4288 832 192 64
TilesPiquesS 4352 704 320 128
TilesPiquesS 4352 576 320 0
TilesPiquesS 4352 640 320 64
TilesPiquesS 4352 192 0 64
TilesPiquesS 4352 256 128 0
TilesPiquesS 4352 832 192 64
TilesPiquesS 4416 832 192 64
TilesPiquesS 4480 832 192 64
TilesPiquesS 4544 832 192 64
TilesPiquesS 4608 832 192 64
TilesPiquesS 4672 832 192 64
TilesPiquesS 4736 832 192 64
TilesPiquesS 4800 832 192 64
TilesPiquesS 4864 832 192 64
TilesPiquesS 4928 832 192 64
TilesPiquesS 4800 192 64 0
TilesPiquesS 5632 832 192 64
TilesPiquesS 5696 832 192 64
TilesPiquesS 5760 832 192 64
TilesPiquesS 5824 832 192 64
TilesPiquesS 5888 832 192 64
TilesPiquesS 5952 832 192 64
TilesPiquesS 6016 832 192 64
TilesPiquesS 6080 832 192 64
TilesPiquesS 6144 832 192 64
TilesPiquesS 6208 832 192 64
TilesPiquesS 6272 832 192 64
TilesPiquesS 6336 832 192 64
TilesPiquesS 6400 832 192 64
TilesPiquesS 6464 832 192 64
TilesPiquesS 6528 832 192 64
TilesPiquesS 6592 832 192 64
TilesPiquesS 6656 832 192 64
TilesPiquesS 6720 832 192 64
TilesPiquesS 6784 832 192 64
TilesPiquesS 6848 832 192 64
TilesPiquesS 6912 832 192 64
TilesPiquesS 6976 832 192 64
TilesPiquesS 7040 832 192 64
TilesPiquesS 7104 832 192 64
TilesPiquesS 7168 832 192 64
TilesPiquesS 7232 832 192 64
TilesPiquesS 7296 832 192 64
TilesPiquesS 7360 832 192 64
TilesPiquesS 7424 832 192 64
TilesPiquesS 7488 832 192 64
TilesPiquesS 8896 896 192 64
TilesPiquesS 8960 896 192 64
TilesPiquesS 9024 896 192 64
TilesPiquesS 9088 896 192 64
TilesPiquesS 9152 896 192 64
TilesPiquesS 9216 896 192 64
TilesPiquesS 9280 896 192 64
TilesPiquesS 9344 896 192 64
TilesPiquesS 9408 896 192 64
TilesPiquesS 9472 896 192 64
TilesPiquesS 9536 896 192 64
TilesPiquesS 9600 896 192 64
TilesPiquesS 9664 896 192 64
TilesPiquesS 9728 896 192 64
TilesPiquesS 9792 896 192 64
TilesPiquesS 9856 896 192 64
TilesPiquesS 9920 896 192 64
TilesPiquesS 9984 896 192 64
TilesPiquesS 10048 896 192 64
TilesPiquesS 10112 896 192 64
TilesPiquesS 9280 192 320 0
TilesPiquesS 11840 768 192 64
TilesPiquesS 11904 768 192 64
TilesPiquesS 11968 768 64 0
TilesPiquesS 11968 832 64 64
TilesPiquesS 11968 896 64 128
TilesPiquesS 12032 896 192 64
TilesPiquesS 12096 896 192 64
TilesPiquesS 12160 896 192 64
TilesPiquesS 12224 896 192 64
TilesPiquesS 12288 896 192 64
TilesPiquesS 12352 896 192 64
TilesPiquesS 12416 896 192 64
TilesPiquesS 12608 896 192 64
TilesPiquesS 12672 896 192 64
TilesPiquesS 12736 896 0 128
TilesPiquesS 12736 832 0 0
TilesPiquesS 12800 832 0 128
TilesPiquesS 12800 768 0 64
TilesPiquesS 12800 704 0 0
TilesPiquesS 12864 704 192 64
TilesPiquesS 13056 704 192 64
TilesPiquesS 13120 704 0 128
TilesPiquesS 13120 640 0 64
TilesPiquesS 13120 576 0 64
TilesPiquesS 13120 512 0 0
TilesPiquesS 13184 512 192 64
TilesPiquesS 13248 512 192 64
TilesPiquesS 13312 512 192 64
TilesPiquesS 13568 512 64 0
TilesPiquesS 13568 576 64 64
TilesPiquesS 13568 640 64 64
TilesPiquesS 13568 704 64 64
TilesPiquesS 13568 768 64 64
TilesPiquesS 13568 832 64 64
TilesPiquesS 13568 896 64 128
TilesPiquesS 13632 896 192 64
TilesPiquesS 13696 896 192 64
TilesPiquesS 13824 896 192 64
TilesPiquesS 13888 896 192 64
TilesPiquesS 13952 896 0 128
TilesPiquesS 13952 832 0 64
TilesPiquesS 13952 768 0 64
TilesPiquesS 13952 704 0 0
Drone
2980 448
7261 360
11629 353
Garde
1952 676
11439 675
14936 799
Spider
1894 416
4133 605
6630 289
6629 672
11114 481
Bouclier
3489 544
9823 160
Special
1248 544
480 545
2209 481
4512 288
4766 160
5407 544
7774 608
8288 737
8735 865
Montre
2267 662
4417 61
13794 763
Boss
-5000 -5000