8
1
121
761
15261
320
7emeplanE
6emeplanE
5emeplanE
4emeplanE
1erplanE
Back_layer
Player_layer
TilesE 128 832 64 0
TilesE 64 832 64 0
TilesE 0 832 64 0
TilesE 192 832 64 0
TilesE 256 832 64 0
TilesE 320 832 64 0
TilesE 384 832 64 0
TilesE 448 832 64 0
TilesE 512 832 128 0
TilesE 512 896 128 64
TilesE 512 960 128 64
TilesE 448 896 64 64
TilesE 384 896 64 64
TilesE 320 896 64 64
TilesE 320 960 64 64
TilesE 384 960 64 64
TilesE 448 960 64 64
TilesE 576 960 64 64
TilesE 512 1024 128 64
TilesE 384 1024 64 64
TilesE 448 1024 64 64
TilesE 320 1024 64 64
TilesE 256 1024 64 64
TilesE 192 1024 64 64
TilesE 128 1024 64 64
TilesE 0 1024 64 64
TilesE 0 960 64 64
TilesE 64 960 64 64
TilesE 128 960 64 64
TilesE 192 960 64 64
TilesE 64 1024 64 64
TilesE 960 1024 0 64
TilesE 960 960 0 64
TilesE 960 896 0 64
TilesE 960 832 0 64
TilesE 960 768 0 64
TilesE 960 704 0 64
TilesE 960 640 0 64
TilesE 960 576 0 64
TilesE 960 512 0 64
TilesE 1024 512 64 64
TilesE 1024 576 64 64
TilesE 1024 640 64 64
TilesE 1024 704 64 64
TilesE 1024 768 64 64
TilesE 1024 832 64 64
TilesE 1024 896 64 64
TilesE 1024 960 64 64
TilesE 1024 1024 64 64
TilesE 1088 960 64 64
TilesE 1088 896 128 64
TilesE 1088 832 128 64
TilesE 1088 576 128 64
TilesE 1088 512 128 64
TilesE 1088 640 128 64
TilesE 1088 704 128 64
TilesE 1088 768 128 64
TilesE 1088 1024 64 64
TilesE 960 448 0 64
TilesE 1024 448 64 64
TilesE 1088 448 128 64
TilesE 960 384 64 0
TilesE 1024 384 64 0
TilesE 1088 384 128 0
TilesE 896 384 256 0
TilesE 704 512 256 128
TilesE 640 512 0 128
TilesE 640 448 128 0
TilesE 576 448 256 64
TilesE 512 448 256 0
TilesE 704 0 64 128
TilesE 640 0 64 128
TilesE 576 0 64 128
TilesE 1088 0 64 128
TilesE 1024 0 64 128
TilesE 960 0 64 128
TilesE 896 0 64 128
TilesE 832 0 64 128
TilesE 768 0 64 128
TilesE 512 0 64 128
TilesE 448 0 64 128
TilesE 384 0 64 128
TilesE 320 0 64 128
TilesE 256 0 64 128
TilesE 192 0 64 128
TilesE 128 0 64 128
TilesE 64 0 64 128
TilesE 0 0 64 128
TilesE 1152 0 64 128
TilesE 1216 0 64 128
TilesE 1280 0 64 128
TilesE 1408 384 128 64
TilesE 1408 320 128 64
TilesE 1408 256 128 64
TilesE 1408 192 128 64
TilesE 1408 128 128 64
TilesE 1408 64 128 64
TilesE 1408 0 128 64
TilesE 1344 0 64 128
TilesE 1152 960 64 64
TilesE 1152 1024 64 64
TilesE 1216 1024 64 64
TilesE 1216 960 64 64
TilesE 1280 960 64 64
TilesE 1344 960 64 64
TilesE 1344 1024 64 64
TilesE 1280 1024 64 64
TilesE 1472 960 64 64
TilesE 1408 960 64 64
TilesE 1408 1024 64 64
TilesE 1472 1024 64 64
TilesE 1536 960 64 64
TilesE 1536 1024 64 64
TilesE 1600 1024 64 64
TilesE 1600 960 64 64
TilesE 1664 1024 64 64
TilesE 1664 960 64 64
TilesE 1728 960 64 64
TilesE 1728 896 0 64
TilesE 1728 1024 64 64
TilesE 1792 1024 64 64
TilesE 1792 960 64 64
TilesE 1856 960 64 64
TilesE 1856 1024 64 64
TilesE 1728 832 192 64
TilesE 1728 768 192 64
TilesE 1728 704 192 64
TilesE 1728 640 0 64
TilesE 1728 576 0 64
TilesE 1728 512 0 64
TilesE 1728 448 0 64
TilesE 1728 384 0 64
TilesE 1920 960 64 64
TilesE 1920 1024 64 64
TilesE 1792 576 64 64
TilesE 1856 576 64 64
TilesE 1920 576 128 64
TilesE 1856 512 64 64
TilesE 1792 512 64 64
TilesE 1792 448 64 64
TilesE 1856 448 64 64
TilesE 1856 384 64 64
TilesE 1920 448 128 64
TilesE 1920 512 128 64
TilesE 1920 384 128 64
TilesE 1792 384 64 64
TilesE 1856 320 64 0
TilesE 1792 320 64 64
TilesE 1920 320 128 0
TilesE 1408 448 64 64
TilesE 1536 448 256 128
TilesE 1472 448 256 64
TilesE 1792 256 128 0
TilesE 1728 320 0 64
TilesE 2176 320 0 0
TilesE 2176 384 0 64
TilesE 2176 448 0 128
TilesE 2240 320 128 0
TilesE 2240 384 64 64
TilesE 2240 448 64 64
TilesE 2304 384 128 0
TilesE 2304 448 128 64
TilesE 2304 512 128 64
TilesE 2304 576 64 64
TilesE 2304 640 64 64
TilesE 2304 704 64 64
TilesE 2304 768 64 64
TilesE 2304 832 64 64
TilesE 2304 896 64 64
TilesE 2304 960 64 64
TilesE 2240 512 0 64
TilesE 2240 576 0 64
TilesE 2240 640 0 64
TilesE 2240 704 0 64
TilesE 2240 768 0 64
TilesE 2240 832 0 64
TilesE 2240 896 64 64
TilesE 2240 960 64 64
TilesE 2240 1024 64 64
TilesE 2304 1024 64 64
TilesE 2176 896 0 0
TilesE 2176 960 0 64
TilesE 2176 1024 0 64
TilesE 1920 896 128 0
TilesE 1856 896 64 0
TilesE 1792 896 64 0
TilesE 1984 640 256 128
TilesE 1920 640 64 128
TilesE 1856 640 64 128
TilesE 1792 640 64 128
TilesE 2368 576 256 64
TilesE 2432 576 256 128
TilesE 2368 960 64 64
TilesE 2432 960 64 64
TilesE 2496 960 64 64
TilesE 2560 960 64 64
TilesE 2624 960 64 64
TilesE 2688 960 64 64
TilesE 2624 1024 64 64
TilesE 2496 1024 64 64
TilesE 2432 1024 64 64
TilesE 2368 1024 64 64
TilesE 2560 1024 64 64
TilesE 2688 1024 64 64
TilesE 2752 1024 64 64
TilesE 2816 1024 64 64
TilesE 2752 960 64 64
TilesE 2816 960 64 64
TilesE 2880 960 64 64
TilesE 2944 960 64 64
TilesE 2944 1024 64 64
TilesE 2880 1024 64 64
TilesE 3008 1024 64 64
TilesE 3072 1024 64 64
TilesE 3136 1024 64 64
TilesE 3008 960 64 64
TilesE 3072 960 64 64
TilesE 3136 960 64 64
TilesE 3200 960 64 64
TilesE 3200 1024 64 64
TilesE 2816 896 192 64
TilesE 2816 832 192 0
TilesE 2816 576 192 128
TilesE 2816 512 192 64
TilesE 2816 448 0 64
TilesE 2816 384 0 64
TilesE 2816 320 192 0
TilesE 2880 448 64 64
TilesE 2944 448 64 64
TilesE 3008 448 64 64
TilesE 3008 384 64 0
TilesE 2944 384 64 0
TilesE 2880 384 64 0
TilesE 3072 384 64 0
TilesE 3136 384 64 0
TilesE 3136 448 64 64
TilesE 3072 448 64 64
TilesE 3200 448 64 64
TilesE 3200 384 64 0
TilesE 3200 512 192 64
TilesE 3200 576 192 128
TilesE 3200 832 192 0
TilesE 3200 896 192 64
TilesE 3648 384 64 0
TilesE 3712 384 64 0
TilesE 3264 384 64 0
TilesE 3328 384 64 0
TilesE 3392 384 64 0
TilesE 3456 384 64 0
TilesE 3520 384 64 0
TilesE 3584 384 64 0
TilesE 3776 384 64 0
TilesE 3840 384 64 0
TilesE 4160 384 64 0
TilesE 4096 384 64 0
TilesE 4032 384 64 0
TilesE 3968 384 64 0
TilesE 3904 384 64 0
TilesE 4224 384 64 64
TilesE 3648 448 192 64
TilesE 3648 512 192 128
TilesE 4096 448 192 64
TilesE 4096 512 192 128
TilesE 4224 320 0 64
TilesE 4224 256 0 0
TilesE 4352 256 256 64
TilesE 4416 256 64 128
TilesE 4480 256 64 128
TilesE 4544 256 128 128
TilesE 4544 192 128 0
TilesE 4480 192 64 0
TilesE 4416 192 0 0
TilesE 4544 576 192 0
TilesE 4544 640 0 64
TilesE 4544 704 0 64
TilesE 4544 768 192 64
TilesE 4544 832 192 64
TilesE 4544 896 192 64
TilesE 4544 960 64 64
TilesE 4544 1024 128 64
TilesE 4608 704 128 128
TilesE 4608 640 128 0
TilesE 4096 832 0 0
TilesE 4096 896 0 64
TilesE 4096 960 64 64
TilesE 4096 1024 64 64
TilesE 4160 768 0 0
TilesE 4224 768 128 0
TilesE 4224 832 128 64
TilesE 4224 896 128 64
TilesE 4160 896 64 64
TilesE 4160 832 64 64
TilesE 4160 960 64 64
TilesE 4160 1024 64 64
TilesE 4224 1024 64 64
TilesE 4224 960 64 64
TilesE 4288 960 64 64
TilesE 4352 960 64 64
TilesE 4416 960 64 64
TilesE 4480 960 64 64
TilesE 4480 1024 64 64
TilesE 4416 1024 64 64
TilesE 4288 1024 64 64
TilesE 4352 1024 64 64
TilesE 3264 1024 64 64
TilesE 3264 960 64 64
TilesE 3328 960 64 64
TilesE 3392 960 64 64
TilesE 3456 960 64 64
TilesE 3520 960 64 64
TilesE 3584 960 64 64
TilesE 3648 960 64 64
TilesE 3712 960 64 64
TilesE 3776 960 64 64
TilesE 3840 960 64 64
TilesE 3904 960 64 64
TilesE 3968 960 64 64
TilesE 4032 960 64 64
TilesE 4032 1024 64 64
TilesE 3968 1024 64 64
TilesE 3904 1024 64 64
TilesE 3840 1024 64 64
TilesE 3776 1024 64 64
TilesE 3712 1024 64 64
TilesE 3648 1024 64 64
TilesE 3584 1024 64 64
TilesE 3520 1024 64 64
TilesE 3456 1024 64 64
TilesE 3392 1024 64 64
TilesE 3328 1024 64 64
TilesE 3648 768 192 0
TilesE 3648 832 192 64
TilesE 3648 896 192 64
TilesE 3200 128 256 0
TilesE 3264 128 256 64
TilesE 3328 128 256 128
TilesE 3776 128 256 0
TilesE 3840 128 256 64
TilesE 3904 128 256 128
TilesE 4864 512 192 128
TilesE 4864 448 128 64
TilesE 4800 448 0 128
TilesE 4800 384 0 64
TilesE 4864 384 64 64
TilesE 4928 384 64 128
TilesE 4992 384 256 128
TilesE 4928 320 128 0
TilesE 4864 320 64 64
TilesE 4800 320 0 64
TilesE 4800 256 0 64
TilesE 4800 192 0 64
TilesE 4800 128 0 64
TilesE 4800 64 0 64
TilesE 4800 0 64 64
TilesE 4864 0 128 64
TilesE 4864 64 128 64
TilesE 4864 128 128 64
TilesE 4864 192 128 64
TilesE 4864 256 128 64
TilesE 4864 832 128 0
TilesE 4864 896 128 64
TilesE 4864 960 128 64
TilesE 4864 1024 128 64
TilesE 4800 896 0 64
TilesE 4800 960 0 64
TilesE 4800 1024 0 64
TilesE 4800 832 0 0
TilesE 4800 1088 64 64
TilesE 5248 640 256 0
TilesE 5312 640 256 64
TilesE 5376 640 64 0
TilesE 5376 704 64 64
TilesE 5376 768 64 64
TilesE 5376 832 64 64
TilesE 5376 896 64 64
TilesE 5376 960 64 64
TilesE 5376 1024 64 64
TilesE 5376 1088 64 64
TilesE 5440 640 128 0
TilesE 5440 704 128 64
TilesE 5440 768 128 64
TilesE 5440 832 128 64
TilesE 5440 960 64 64
TilesE 5440 1088 64 64
TilesE 5440 1024 64 64
TilesE 5440 896 64 64
TilesE 5504 960 64 64
TilesE 5568 960 64 64
TilesE 5632 960 64 64
TilesE 5696 960 64 64
TilesE 5760 960 64 64
TilesE 5504 896 64 0
TilesE 5696 896 64 0
TilesE 5568 896 64 0
TilesE 5632 896 64 0
TilesE 5760 896 64 0
TilesE 5824 896 64 0
TilesE 5888 896 64 0
TilesE 5888 960 64 64
TilesE 5824 960 64 64
TilesE 5760 1024 64 64
TilesE 5696 1024 64 64
TilesE 5632 1024 64 64
TilesE 5568 1024 64 64
TilesE 5504 1024 64 64
TilesE 5824 1024 64 64
TilesE 5888 1024 64 64
TilesE 5952 1024 64 64
TilesE 5952 960 64 64
TilesE 5952 896 64 0
TilesE 6016 896 64 0
TilesE 6080 896 64 0
TilesE 6144 896 64 0
TilesE 6208 896 64 0
TilesE 6272 896 64 0
TilesE 6336 896 64 0
TilesE 6336 960 64 64
TilesE 6272 960 64 64
TilesE 6208 960 64 64
TilesE 6144 1024 64 64
TilesE 6080 1024 64 64
TilesE 6016 1024 64 64
TilesE 6208 1024 64 64
TilesE 6272 1024 64 64
TilesE 6336 1024 64 64
TilesE 6400 960 64 64
TilesE 6400 896 64 0
TilesE 6400 1024 64 64
TilesE 6464 1024 64 64
TilesE 6528 1024 64 64
TilesE 6528 960 64 64
TilesE 6592 960 64 64
TilesE 6528 896 64 0
TilesE 6464 960 64 64
TilesE 5184 1024 64 64
TilesE 6592 896 64 0
TilesE 6656 896 64 0
TilesE 6720 896 128 0
TilesE 6720 1024 128 64
TilesE 6656 1024 64 64
TilesE 6592 1024 64 64
TilesE 6656 960 64 64
TilesE 6720 960 64 64
TilesE 5824 576 256 0
TilesE 5888 576 256 64
TilesE 5952 576 256 64
TilesE 6016 576 256 64
TilesE 6144 576 256 64
TilesE 6208 576 256 64
TilesE 6272 576 256 64
TilesE 6336 576 256 128
TilesE 5184 256 256 0
TilesE 5248 256 256 128
TilesE 5632 192 256 0
TilesE 5696 192 256 64
TilesE 5760 192 256 64
TilesE 5824 192 256 64
TilesE 5888 192 256 128
TilesE 6336 192 256 0
TilesE 6400 192 256 64
TilesE 6464 192 256 64
TilesE 6528 192 256 64
TilesE 6592 192 256 64
TilesE 6656 192 256 64
TilesE 6720 192 256 128
TilesE 7168 192 256 0
TilesE 7232 192 256 64
TilesE 7296 192 256 64
TilesE 7360 192 256 64
TilesE 7424 192 256 128
TilesE 7168 832 256 0
TilesE 7232 832 256 128
TilesE 7808 192 192 0
TilesE 7808 256 192 64
TilesE 7808 320 0 128
TilesE 7872 320 64 128
TilesE 7936 320 64 128
TilesE 8000 320 64 128
TilesE 8064 320 64 128
TilesE 8128 320 64 128
TilesE 8192 320 64 128
TilesE 8256 320 64 128
TilesE 8320 320 64 128
TilesE 8384 256 192 64
TilesE 8384 320 128 128
TilesE 8384 192 192 0
TilesE 8320 640 128 0
TilesE 8256 640 64 0
TilesE 8192 640 0 0
TilesE 8192 704 0 64
TilesE 8192 768 0 64
TilesE 8192 832 0 64
TilesE 8192 896 0 64
TilesE 8192 960 64 64
TilesE 8192 1024 0 64
TilesE 8320 704 128 64
TilesE 8320 768 128 64
TilesE 8320 832 128 64
TilesE 8320 896 128 64
TilesE 8320 960 128 64
TilesE 8320 1024 128 64
TilesE 8256 704 64 64
TilesE 8256 768 64 64
TilesE 8256 832 64 64
TilesE 8256 896 64 64
TilesE 8256 960 64 64
TilesE 8256 1024 64 64
TilesE 8000 832 256 128
TilesE 7936 832 256 64
TilesE 7872 832 256 64
TilesE 7808 832 256 0
TilesE 8704 384 256 0
TilesE 8768 384 256 128
TilesE 9024 512 256 0
TilesE 9088 512 256 64
TilesE 9152 512 256 128
TilesE 8832 896 0 0
TilesE 8832 960 0 64
TilesE 8832 1024 0 64
TilesE 8896 896 64 0
TilesE 8896 960 64 64
TilesE 8896 1024 64 64
TilesE 9216 896 64 0
TilesE 9280 896 64 0
TilesE 9344 896 64 0
TilesE 9408 896 64 0
TilesE 9152 896 64 0
TilesE 9152 960 64 64
TilesE 9088 960 64 64
TilesE 9024 960 64 64
TilesE 8960 960 64 64
TilesE 8960 896 64 0
TilesE 9024 896 64 0
TilesE 9088 896 64 0
TilesE 8960 1024 64 64
TilesE 9024 1024 64 64
TilesE 9088 1024 64 64
TilesE 9152 1024 64 64
TilesE 9216 1024 64 64
TilesE 9280 1024 64 64
TilesE 9344 1024 64 64
TilesE 9408 1024 64 64
TilesE 9408 960 64 64
TilesE 9344 960 64 64
TilesE 9280 960 64 64
TilesE 9216 960 64 64
TilesE 9472 896 64 0
TilesE 9472 960 64 64
TilesE 9472 1024 64 64
TilesE 9536 1024 64 64
TilesE 9600 1024 64 64
TilesE 9600 960 64 64
TilesE 9536 960 64 64
TilesE 9536 896 64 0
TilesE 9600 896 64 0
TilesE 9664 1024 64 64
TilesE 9664 960 64 64
TilesE 9664 896 64 64
TilesE 9664 832 0 64
TilesE 9664 768 0 64
TilesE 9664 704 0 64
TilesE 9664 640 0 64
TilesE 9664 576 0 64
TilesE 9664 512 0 64
TilesE 9664 448 0 64
TilesE 9664 320 0 0
TilesE 9664 384 0 64
TilesE 9728 320 64 0
TilesE 9728 384 64 64
TilesE 9728 448 128 64
TilesE 9728 640 128 64
TilesE 9728 704 128 64
TilesE 9728 768 128 64
TilesE 9728 576 128 64
TilesE 9728 512 128 64
TilesE 9728 832 128 64
TilesE 9728 896 64 64
TilesE 9728 960 64 64
TilesE 9728 1024 64 64
TilesE 9792 384 64 128
TilesE 9856 384 128 128
TilesE 9856 320 64 0
TilesE 9792 320 64 0
TilesE 9920 320 256 64
TilesE 9984 320 256 128
TilesE 9664 64 128 128
TilesE 9664 0 64 64
TilesE 9600 64 64 128
TilesE 9600 0 64 64
TilesE 9536 0 64 64
TilesE 9536 64 64 128
TilesE 9472 0 64 64
TilesE 9472 64 64 128
TilesE 9408 64 64 128
TilesE 9408 0 64 64
TilesE 9344 64 64 128
TilesE 9344 0 64 64
TilesE 9280 64 64 128
TilesE 9280 0 64 64
TilesE 9216 64 0 128
TilesE 9216 0 64 64
TilesE 9792 1024 64 64
TilesE 9792 960 64 64
TilesE 9792 896 64 64
TilesE 9856 896 64 64
TilesE 9920 896 64 64
TilesE 9984 896 64 64
TilesE 10048 896 64 64
TilesE 10112 896 64 64
TilesE 10176 896 64 64
TilesE 10240 896 64 64
TilesE 10240 960 64 64
TilesE 10304 960 64 64
TilesE 10368 960 64 64
TilesE 10432 960 64 64
TilesE 10560 960 64 64
TilesE 10624 960 64 64
TilesE 10688 960 64 64
TilesE 10752 960 64 64
TilesE 10432 896 64 64
TilesE 10368 896 64 64
TilesE 10304 896 64 64
TilesE 10560 1024 64 64
TilesE 10432 1024 64 64
TilesE 10496 1024 64 64
TilesE 10368 1024 64 64
TilesE 10304 1024 64 64
TilesE 10240 1024 64 64
TilesE 10176 1024 64 64
TilesE 10176 960 64 64
TilesE 10112 960 64 64
TilesE 10048 960 64 64
TilesE 9984 960 64 64
TilesE 9920 960 64 64
TilesE 9920 1024 64 64
TilesE 9856 1024 64 64
TilesE 9984 1024 64 64
TilesE 10048 1024 64 64
TilesE 10112 1024 64 64
TilesE 9856 960 64 64
TilesE 10688 320 256 0
TilesE 10752 320 256 64
TilesE 10816 320 256 128
TilesE 11392 320 192 64
TilesE 11392 256 192 64
TilesE 11392 192 192 64
TilesE 11392 128 192 64
TilesE 11392 64 192 64
TilesE 11392 0 64 64
TilesE 11392 384 192 128
TilesE 11392 640 192 0
TilesE 11392 704 192 64
TilesE 11392 768 192 64
TilesE 11392 832 192 64
TilesE 11392 896 64 64
TilesE 11392 960 64 64
TilesE 11392 1024 64 64
TilesE 11328 0 64 128
TilesE 11264 0 64 128
TilesE 11200 0 64 128
TilesE 11136 0 64 128
TilesE 11072 0 64 128
TilesE 11008 0 64 128
TilesE 10944 0 64 128
TilesE 10880 0 64 128
TilesE 10816 0 64 128
TilesE 10752 0 64 128
TilesE 10688 0 64 128
TilesE 10624 0 64 128
TilesE 10560 0 64 128
TilesE 10496 0 64 128
TilesE 10432 0 64 128
TilesE 10368 0 64 128
TilesE 10304 0 64 128
TilesE 10240 0 64 128
TilesE 10176 0 64 128
TilesE 10112 0 64 128
TilesE 10048 0 64 128
TilesE 9984 0 64 128
TilesE 9920 0 64 128
TilesE 9856 0 64 128
TilesE 9792 0 64 128
TilesE 11328 960 64 64
TilesE 11264 960 64 64
TilesE 11200 960 64 64
TilesE 11136 960 64 64
TilesE 11072 960 64 64
TilesE 11008 960 64 64
TilesE 10944 960 64 64
TilesE 10880 960 64 64
TilesE 10816 960 64 64
TilesE 10752 896 64 64
TilesE 10816 896 64 64
TilesE 10880 896 64 64
TilesE 10944 896 64 64
TilesE 11008 896 64 64
TilesE 11072 896 64 64
TilesE 11136 896 64 64
TilesE 11200 896 64 64
TilesE 11264 896 64 64
TilesE 11328 896 64 64
TilesE 11328 1024 64 64
TilesE 11200 1024 64 64
TilesE 11264 1024 64 64
TilesE 11136 1024 64 64
TilesE 11072 1024 64 64
TilesE 11008 1024 64 64
TilesE 10944 1024 64 64
TilesE 10880 1024 64 64
TilesE 10816 1024 64 64
TilesE 10752 1024 64 64
TilesE 10688 1024 64 64
TilesE 10624 1024 64 64
TilesE 11904 0 64 64
TilesE 11968 0 64 64
TilesE 12032 0 64 64
TilesE 12096 0 64 64
TilesE 12160 0 64 64
TilesE 12224 0 64 64
TilesE 12288 0 64 64
TilesE 12352 0 64 64
TilesE 12416 0 64 64
TilesE 12480 0 64 64
TilesE 12544 0 64 64
TilesE 12608 0 64 64
TilesE 12672 0 64 64
TilesE 12736 0 64 64
TilesE 12800 0 64 64
TilesE 12864 0 64 64
TilesE 12928 0 64 64
TilesE 12992 0 64 64
TilesE 13056 0 64 64
TilesE 13120 0 64 64
TilesE 13184 0 64 64
TilesE 13248 0 64 64
TilesE 13312 0 64 64
TilesE 13376 0 64 64
TilesE 13440 0 64 64
TilesE 13504 0 64 64
TilesE 13568 0 64 64
TilesE 13632 0 64 64
TilesE 13696 0 64 64
TilesE 13760 0 64 64
TilesE 13824 0 64 64
TilesE 13888 0 64 64
TilesE 13952 0 64 64
TilesE 14016 0 64 64
TilesE 14080 0 64 64
TilesE 14144 0 64 64
TilesE 14208 0 64 64
TilesE 14272 0 64 64
TilesE 14336 0 64 64
TilesE 14400 0 64 64
TilesE 14464 0 64 64
TilesE 14528 0 64 64
TilesE 14592 0 64 64
TilesE 14656 0 64 64
TilesE 14720 0 64 64
TilesE 14784 0 64 64
TilesE 14848 0 64 64
TilesE 14912 0 64 64
TilesE 14976 0 64 64
TilesE 15040 0 64 64
TilesE 15104 0 64 64
TilesE 15168 0 64 64
TilesE 15232 0 64 64
TilesE 15296 0 64 64
TilesE 11904 64 192 64
TilesE 11904 128 192 64
TilesE 11904 192 192 128
TilesE 11904 448 192 0
TilesE 11904 512 192 64
TilesE 11904 576 192 64
TilesE 11904 640 192 64
TilesE 11904 704 192 64
TilesE 11904 768 192 64
TilesE 11904 832 192 64
TilesE 11904 896 64 64
TilesE 11904 960 64 64
TilesE 11904 1024 64 64
TilesE 11840 960 64 64
TilesE 11776 960 64 64
TilesE 11712 960 64 64
TilesE 11712 896 64 64
TilesE 11648 896 64 64
TilesE 11584 896 64 64
TilesE 11520 896 64 64
TilesE 11520 960 64 64
TilesE 11456 960 64 64
TilesE 11456 896 64 64
TilesE 11840 1024 64 64
TilesE 11840 896 64 64
TilesE 11776 896 64 64
TilesE 11776 1024 64 64
TilesE 11712 1024 64 64
TilesE 11648 1024 64 64
TilesE 11584 1024 64 64
TilesE 11520 1024 64 64
TilesE 11456 1024 64 64
TilesE 11584 960 64 64
TilesE 11648 960 64 64
TilesE 12416 448 192 128
TilesE 12416 384 192 64
TilesE 12416 320 192 64
TilesE 12416 256 192 64
TilesE 12416 192 192 64
TilesE 12416 128 192 64
TilesE 12416 64 192 64
TilesE 12416 704 192 0
TilesE 12416 768 192 64
TilesE 12416 832 192 64
TilesE 12416 896 64 64
TilesE 12416 960 64 64
TilesE 12416 1024 64 64
TilesE 11968 1024 64 64
TilesE 12096 1024 64 64
TilesE 12160 1024 64 64
TilesE 12224 1024 64 64
TilesE 12288 1024 64 64
TilesE 12352 1024 64 64
TilesE 12032 1024 64 64
TilesE 11968 960 64 64
TilesE 12032 960 64 64
TilesE 12032 896 64 64
TilesE 12096 896 64 64
TilesE 12160 896 64 64
TilesE 12224 896 64 64
TilesE 12288 896 64 64
TilesE 12352 896 64 64
TilesE 12352 960 64 64
TilesE 12288 960 64 64
TilesE 11968 896 64 64
TilesE 12864 896 64 64
TilesE 12864 960 64 64
TilesE 12864 1024 64 64
TilesE 12800 1024 64 64
TilesE 12736 1024 64 64
TilesE 12672 1024 64 64
TilesE 12608 1024 64 64
TilesE 12544 1024 64 64
TilesE 12480 1024 64 64
TilesE 12480 960 64 64
TilesE 12544 960 64 64
TilesE 12608 960 64 64
TilesE 12672 960 64 64
TilesE 12736 960 64 64
TilesE 12800 960 64 64
TilesE 12800 896 64 64
TilesE 12736 896 64 64
TilesE 12672 896 64 64
TilesE 12608 896 64 64
TilesE 12544 896 64 64
TilesE 12480 896 64 64
TilesE 12928 1024 64 64
TilesE 12928 960 64 64
TilesE 12928 896 64 64
TilesE 12928 832 192 64
TilesE 12928 768 192 64
TilesE 12928 704 192 64
TilesE 12928 640 192 64
TilesE 12928 576 192 64
TilesE 12928 512 192 64
TilesE 12928 448 192 64
TilesE 12928 384 192 0
TilesE 12928 128 192 128
TilesE 12928 64 192 64
TilesE 13440 448 0 0
TilesE 13440 512 0 64
TilesE 13440 576 0 64
TilesE 13440 640 0 64
TilesE 13440 704 0 64
TilesE 13440 768 0 64
TilesE 13440 832 0 64
TilesE 13440 896 64 64
TilesE 13440 1024 64 64
TilesE 13376 1024 64 64
TilesE 13312 1024 64 64
TilesE 13248 1024 64 64
TilesE 13184 1024 64 64
TilesE 13120 1024 64 64
TilesE 13056 1024 64 64
TilesE 12992 1024 64 64
TilesE 12992 960 64 64
TilesE 13056 960 64 64
TilesE 13120 960 64 64
TilesE 13184 960 64 64
TilesE 13248 960 64 64
TilesE 13312 960 64 64
TilesE 13376 960 64 64
TilesE 13248 896 64 64
TilesE 13184 896 64 64
TilesE 13120 896 64 64
TilesE 12992 896 64 64
TilesE 13056 896 64 64
TilesE 13312 896 64 64
TilesE 13376 896 64 64
TilesE 13568 384 0 0
TilesE 13632 384 256 64
TilesE 13696 384 256 128
TilesE 13504 448 64 0
TilesE 13504 512 64 64
TilesE 13504 576 64 64
TilesE 13504 640 64 64
TilesE 13504 704 64 64
TilesE 13504 768 64 64
TilesE 13504 832 64 64
TilesE 13504 896 64 64
TilesE 13504 960 64 64
TilesE 13504 1024 64 64
TilesE 13568 128 64 128
TilesE 13504 128 0 128
TilesE 13632 128 128 128
TilesE 13632 64 64 64
TilesE 13632 0 64 64
TilesE 13568 64 64 64
TilesE 13504 64 0 64
TilesE 13696 64 64 128
TilesE 13760 64 64 128
TilesE 13824 64 64 128
TilesE 13888 64 64 128
TilesE 13952 64 64 128
TilesE 14016 64 64 128
TilesE 14080 64 64 128
TilesE 14144 64 64 64
TilesE 14208 64 64 128
TilesE 14272 64 64 128
TilesE 14336 64 64 128
TilesE 14400 64 64 128
TilesE 14464 64 64 128
TilesE 14528 64 64 128
TilesE 14592 64 64 128
TilesE 14656 64 64 128
TilesE 14720 64 64 128
TilesE 14784 64 64 128
TilesE 14848 64 64 128
TilesE 14912 64 64 128
TilesE 15040 64 64 128
TilesE 14976 64 64 128
TilesE 15296 64 64 128
TilesE 15232 64 64 128
TilesE 15168 64 64 128
TilesE 15104 64 64 128
TilesE 10496 896 64 64
TilesE 10560 896 64 64
TilesE 10624 896 64 64
TilesE 10688 896 64 64
TilesE 13568 896 64 0
TilesE 13632 896 64 0
TilesE 13696 896 64 0
TilesE 13760 896 64 0
TilesE 13824 896 64 0
TilesE 13888 896 64 0
TilesE 13952 896 64 0
TilesE 14016 896 64 0
TilesE 14080 896 64 0
TilesE 14144 896 64 0
TilesE 14208 896 64 0
TilesE 14272 896 64 0
TilesE 14336 896 64 0
TilesE 14400 896 64 0
TilesE 14464 896 64 0
TilesE 14528 896 64 0
TilesE 14592 896 64 0
TilesE 14592 960 64 64
TilesE 14656 960 64 64
TilesE 14656 896 64 0
TilesE 14720 896 64 0
TilesE 14784 896 64 0
TilesE 14848 896 64 0
TilesE 14912 896 64 0
TilesE 14976 896 64 0
TilesE 15040 896 64 0
TilesE 15104 896 64 0
TilesE 15168 896 64 64
TilesE 15232 896 64 64
TilesE 15232 960 64 64
TilesE 15232 1024 64 64
TilesE 15168 1024 64 64
TilesE 14656 1024 64 64
TilesE 14720 1024 64 64
TilesE 14784 1024 64 64
TilesE 14848 1024 64 64
TilesE 14912 1024 64 64
TilesE 14976 1024 64 64
TilesE 15040 1024 64 64
TilesE 15104 1024 64 64
TilesE 15168 960 64 64
TilesE 15040 960 64 64
TilesE 15104 960 64 64
TilesE 14976 960 64 64
TilesE 14912 960 64 64
TilesE 14848 960 64 64
TilesE 15296 896 64 64
TilesE 15296 960 64 64
TilesE 15296 1024 64 64
TilesE 14336 1024 64 64
TilesE 14400 1024 64 64
TilesE 14464 1024 64 64
TilesE 14528 1024 64 64
TilesE 14592 1024 64 64
TilesE 14528 960 64 64
TilesE 14464 960 64 64
TilesE 14400 960 64 64
TilesE 14336 960 64 64
TilesE 14272 960 64 64
TilesE 14208 960 64 64
TilesE 14144 960 64 64
TilesE 14272 1024 64 64
TilesE 14208 1024 64 64
TilesE 14144 1024 64 64
TilesE 14080 1024 64 64
TilesE 14016 1024 64 64
TilesE 13952 1024 64 64
TilesE 13888 1024 64 64
TilesE 13824 1024 64 64
TilesE 13760 1024 64 64
TilesE 13696 1024 64 64
TilesE 13632 1024 64 64
TilesE 13568 1024 64 64
TilesE 13632 960 64 64
TilesE 13696 960 64 64
TilesE 13760 960 64 64
TilesE 13824 960 64 64
TilesE 13888 960 64 64
TilesE 13952 960 64 64
TilesE 14016 960 64 64
TilesE 15168 448 64 64
TilesE 15232 448 64 64
TilesE 15296 448 64 64
TilesE 15296 512 64 64
TilesE 15296 576 64 64
TilesE 15296 640 64 64
TilesE 15296 704 64 64
TilesE 15296 768 64 64
TilesE 15296 832 64 64
TilesE 15168 832 64 64
TilesE 15168 768 64 64
TilesE 15168 704 64 64
TilesE 15168 640 64 64
TilesE 15168 576 64 64
TilesE 15168 512 64 64
TilesE 15232 576 64 64
TilesE 15232 640 64 64
TilesE 15232 512 64 64
TilesE 15232 704 64 64
TilesE 15232 768 64 64
TilesE 15232 832 64 64
TilesE 14080 576 128 128
TilesE 14016 576 256 0
TilesE 14080 512 0 0
TilesE 14144 512 256 64
TilesE 14208 512 256 128
TilesE 14528 512 256 0
TilesE 14656 512 256 128
TilesE 14592 512 256 64
TilesE 14976 384 256 0
TilesE 15040 384 256 64
TilesE 15104 384 256 64
TilesE 15168 384 64 0
TilesE 15232 384 64 0
TilesE 15296 384 64 0
TilesE 6080 576 256 64
TilesE 0 896 64 64
TilesE 64 896 64 64
TilesE 128 896 64 64
TilesE 192 896 64 64
TilesE 256 896 64 64
TilesE 6464 896 64 0
TilesE 9728 0 64 128
TilesE 11456 0 64 64
TilesE 11520 0 64 64
TilesE 11584 0 64 64
TilesE 11648 0 64 64
TilesE 11712 0 64 64
TilesE 11776 0 64 64
TilesE 11840 0 64 64
TilesE 1728 256 0 0
TilesE 4288 256 256 64
TilesE 13568 448 128 128
Deco_layer
TilesDecoE 2240 896 0 0
TilesDecoE 4160 832 0 0
TilesDecoE 9664 896 0 0
TilesDecoE 14080 576 0 0
TilesDecoE 11392 0 64 0
TilesDecoE 4864 448 64 0
TilesDecoE 2240 448 64 0
TilesDecoE 640 448 64 0
TilesDecoE 1792 320 128 0
TilesDecoE 1408 512 128 0
TilesDecoE 1408 448 128 0
TilesDecoE 640 512 128 0
TilesDecoE 960 384 64 0
TilesDecoE 1920 640 128 0
TilesDecoE 2240 384 128 0
TilesDecoE 2304 576 128 0
TilesDecoE 1728 896 128 0
TilesDecoV 2816 384 128 64
TilesDecoE 4864 320 128 0
TilesDecoE 4928 384 128 0
TilesDecoE 4544 640 128 0
TilesDecoE 13632 64 128 64
TilesDecoE 14080 512 128 64
TilesDecoE 9856 320 128 64
TilesDecoE 9728 384 128 64
TilesDecoE 4864 384 128 64
TilesDecoE 4544 704 128 64
TilesDecoE 4416 256 0 0
TilesDecoE 1728 640 128 64
TilesDecoE 5440 896 128 0
TilesDecoV 320 896 128 64
TilesDecoV 448 832 128 64
TilesDecoV 960 512 128 64
TilesDecoV 1024 704 128 64
TilesDecoV 1792 448 128 64
TilesDecoV 1408 256 128 64
TilesDecoV 2304 640 128 64
TilesDecoV 2176 320 128 64
TilesDecoV 3648 448 128 64
TilesDecoV 3648 896 128 64
TilesDecoV 4224 832 128 64
TilesDecoV 4608 640 128 64
TilesDecoV 4864 192 128 64
TilesDecoV 4800 448 128 64
TilesDecoV 5824 192 128 64
TilesDecoV 5888 576 128 64
TilesDecoV 6144 960 128 64
TilesDecoV 6656 896 128 64
TilesDecoV 7296 192 128 64
TilesDecoV 8256 704 128 64
TilesDecoV 7808 256 128 64
TilesDecoV 9728 512 128 64
TilesDecoV 9600 896 128 64
TilesDecoV 9024 960 128 64
TilesDecoV 9024 896 128 64
TilesDecoV 8960 896 128 64
TilesDecoV 10752 320 128 64
TilesDecoV 11392 256 128 64
TilesDecoV 11904 704 128 64
TilesDecoV 13440 448 128 64
TilesDecoV 13952 960 128 64
TilesDecoV 14208 960 128 64
TilesDecoV 14272 896 128 64
TilesDecoV 14080 896 128 64
TilesDecoV 14720 896 128 64
TilesDecoV 14784 896 128 64
TilesDecoV 15104 384 128 64
TilesDecoV 15232 640 128 64
TilesDecoV 15168 768 128 64
TilesDecoV 14464 64 128 64
TilesDecoV 14016 64 128 64
TilesDecoV 15040 64 128 64
TilesDecoV 14080 64 128 64
TilesDecoV 14656 512 128 64
TilesDecoV 14144 512 128 64
TilesDecoV 13440 768 128 64
TilesDecoV 13504 704 128 64
TilesDecoE 12928 512 64 64
TilesDecoE 13440 576 64 64
TilesDecoE 14528 896 64 64
TilesDecoE 14592 512 64 64
TilesDecoE 15296 448 64 64
TilesDecoE 15168 576 64 64
TilesDecoE 14400 64 64 64
TilesDecoE 14336 64 64 64
TilesDecoE 13504 128 64 64
TilesDecoE 11392 128 64 64
TilesDecoE 9792 384 64 64
TilesDecoE 9920 320 64 64
TilesDecoE 9088 512 64 64
TilesDecoE 9216 960 64 64
TilesDecoE 8192 832 64 64
TilesDecoE 7872 832 64 64
TilesDecoE 8000 320 64 64
TilesDecoE 8128 320 64 64
TilesDecoE 7232 192 64 64
TilesDecoE 6464 192 64 64
TilesDecoE 6720 192 64 64
TilesDecoE 6272 576 64 64
TilesDecoE 6336 960 64 64
TilesDecoE 6336 896 64 64
TilesDecoE 5760 960 64 64
TilesDecoE 5440 704 64 64
TilesDecoE 4800 320 64 64
TilesDecoE 4480 256 64 64
TilesDecoE 4160 384 64 64
TilesDecoE 4160 896 64 64
TilesDecoE 3200 512 64 64
TilesDecoE 3008 384 64 64
TilesDecoE 2816 448 64 64
TilesDecoE 1856 576 64 64
TilesDecoE 1920 384 64 64
TilesDecoE 2304 448 64 64
TilesDecoE 2240 832 64 64
TilesDecoE 1088 640 64 64
TilesDecoE 960 448 64 64
TilesDecoE 576 448 64 64
TilesDecoE 192 896 64 64
TilesDecoE 448 960 64 64
TilesDecoE 512 896 64 64
TilesDecoE 1728 384 64 64
TilesDecoE 1024 512 0 64
TilesDecoE 1024 768 0 64
TilesDecoE 1728 704 0 64
TilesDecoE 1728 512 0 64
TilesDecoE 2304 512 0 64
TilesDecoE 2304 768 0 64
TilesDecoE 3200 832 0 64
TilesDecoE 3648 832 0 64
TilesDecoE 2816 832 0 64
TilesDecoE 4544 768 0 64
TilesDecoE 5376 768 0 64
TilesDecoE 6464 896 0 64
TilesDecoE 8384 256 0 64
TilesDecoE 8320 960 0 64
TilesDecoE 8320 896 0 64
TilesDecoE 9664 448 0 64
TilesDecoE 9664 768 0 64
TilesDecoE 11392 320 0 64
TilesDecoE 11392 640 0 64
TilesDecoE 11392 896 0 64
TilesDecoE 11904 448 0 64
TilesDecoE 12416 704 0 64
TilesDecoE 12928 384 0 64
TilesDecoE 12928 640 0 64
TilesDecoE 12416 768 0 64
TilesDecoE 13504 640 0 64
TilesDecoE 15168 704 0 64
TilesDecoE 15168 448 0 64
TilesDecoE 13568 384 128 64
TilesDecoE 13568 448 0 0
Front_layer
Piques
TilesPiquesE 1344 128 320 128
TilesPiquesE 1344 192 320 128
TilesPiquesE 1344 256 320 128
TilesPiquesE 1344 320 320 128
TilesPiquesE 1344 384 320 128
TilesPiquesE 1344 448 320 128
TilesPiquesE 1344 64 320 128
TilesPiquesE 1408 512 192 128
TilesPiquesE 1472 512 192 64
TilesPiquesE 1344 512 128 64
TilesPiquesE 1152 896 128 128
TilesPiquesE 1216 896 128 128
TilesPiquesE 1280 896 128 128
TilesPiquesE 1344 896 128 128
TilesPiquesE 1408 896 128 128
TilesPiquesE 1472 896 128 128
TilesPiquesE 1536 896 128 128
TilesPiquesE 1600 896 128 128
TilesPiquesE 1664 896 128 128
TilesPiquesE 2752 896 128 128
TilesPiquesE 2688 896 128 128
TilesPiquesE 2624 896 128 128
TilesPiquesE 2560 896 128 128
TilesPiquesE 2496 896 128 128
TilesPiquesE 2432 896 128 128
TilesPiquesE 2112 1024 128 128
TilesPiquesE 2048 1024 128 128
TilesPiquesE 1984 1024 128 128
TilesPiquesE 896 1024 128 128
TilesPiquesE 832 1024 128 128
TilesPiquesE 768 1024 128 128
TilesPiquesE 704 1024 128 128
TilesPiquesE 640 1024 128 128
TilesPiquesE 576 1024 128 128
TilesPiquesE 2368 896 320 0
TilesPiquesE 2368 832 256 128
TilesPiquesE 2368 768 256 128
TilesPiquesE 2368 704 256 128
TilesPiquesE 2368 640 256 128
TilesPiquesE 4288 896 128 128
TilesPiquesE 4352 896 128 128
TilesPiquesE 4416 896 128 128
TilesPiquesE 4480 896 128 128
TilesPiquesE 4288 320 256 128
TilesPiquesE 4288 384 256 128
TilesPiquesE 4160 448 192 128
TilesPiquesE 4224 448 192 128
TilesPiquesE 4288 448 192 64
TilesPiquesE 4032 448 192 128
TilesPiquesE 3968 448 192 128
TilesPiquesE 3904 448 192 128
TilesPiquesE 3840 448 192 128
TilesPiquesE 3776 448 192 128
TilesPiquesE 3712 448 192 128
TilesPiquesE 3584 448 192 128
TilesPiquesE 3520 448 192 128
TilesPiquesE 3456 448 192 128
TilesPiquesE 3392 448 192 128
TilesPiquesE 3328 448 192 128
TilesPiquesE 3264 448 192 128
TilesPiquesE 3136 512 192 128
TilesPiquesE 3072 512 192 128
TilesPiquesE 3008 512 192 128
TilesPiquesE 2944 512 192 128
TilesPiquesE 2880 512 192 128
TilesPiquesE 3264 896 128 128
TilesPiquesE 3328 896 128 128
TilesPiquesE 3392 896 128 128
TilesPiquesE 3456 896 128 128
TilesPiquesE 3520 896 128 128
TilesPiquesE 3584 896 128 128
TilesPiquesE 2880 896 128 128
TilesPiquesE 2944 896 128 128
TilesPiquesE 3008 896 128 128
TilesPiquesE 3072 896 128 128
TilesPiquesE 3136 896 128 128
TilesPiquesE 3712 896 128 128
TilesPiquesE 3776 896 128 128
TilesPiquesE 3840 896 128 128
TilesPiquesE 3904 896 128 128
TilesPiquesE 3968 896 128 128
TilesPiquesE 4032 896 128 128
TilesPiquesE 4608 1024 128 128
TilesPiquesE 4672 1024 128 128
TilesPiquesE 4736 1024 128 128
TilesPiquesE 4928 1024 128 128
TilesPiquesE 4992 1024 128 128
TilesPiquesE 5056 1024 128 128
TilesPiquesE 5120 1024 128 128
TilesPiquesE 5184 1024 128 128
TilesPiquesE 5248 1024 128 128
TilesPiquesE 5312 960 320 128
TilesPiquesE 5312 896 320 128
TilesPiquesE 5312 832 320 128
TilesPiquesE 5312 768 320 128
TilesPiquesE 5312 704 320 128
TilesPiquesE 5312 1024 256 0
TilesPiquesE 6848 1024 128 128
TilesPiquesE 6912 1024 128 128
TilesPiquesE 6784 1024 128 128
TilesPiquesE 6976 1024 128 128
TilesPiquesE 7040 1024 128 128
TilesPiquesE 7104 1024 128 128
TilesPiquesE 7168 1024 128 128
TilesPiquesE 7232 1024 128 128
TilesPiquesE 7296 1024 128 128
TilesPiquesE 7360 1024 128 128
TilesPiquesE 7424 1024 128 128
TilesPiquesE 7488 1024 128 128
TilesPiquesE 7552 1024 128 128
TilesPiquesE 7616 1024 128 128
TilesPiquesE 7680 1024 128 128
TilesPiquesE 7744 1024 128 128
TilesPiquesE 7808 1024 128 128
TilesPiquesE 7872 1024 128 128
TilesPiquesE 7936 1024 128 128
TilesPiquesE 8000 1024 128 128
TilesPiquesE 8064 1024 128 128
TilesPiquesE 8128 1024 128 128
TilesPiquesE 8384 1024 128 128
TilesPiquesE 8448 1024 128 128
TilesPiquesE 8512 1024 128 128
TilesPiquesE 8576 1024 128 128
TilesPiquesE 8640 1024 128 128
TilesPiquesE 8704 1024 128 128
TilesPiquesE 8768 1024 128 128
TilesPiquesE 9024 640 0 64
TilesPiquesE 9088 640 0 64
TilesPiquesE 9152 640 0 64
TilesPiquesE 9216 640 0 64
TilesPiquesE 9280 640 0 64
TilesPiquesE 9344 640 192 64
TilesPiquesE 9344 576 64 64
TilesPiquesE 9344 512 64 64
TilesPiquesE 9344 448 64 64
TilesPiquesE 9344 384 64 64
TilesPiquesE 9344 320 64 0
TilesPiquesE 8960 640 0 0
TilesPiquesE 8320 256 128 128
TilesPiquesE 8256 256 128 128
TilesPiquesE 8192 256 128 128
TilesPiquesE 8128 256 128 128
TilesPiquesE 8064 256 128 128
TilesPiquesE 8000 256 128 128
TilesPiquesE 7936 256 128 128
TilesPiquesE 7872 256 128 128
TilesPiquesE 12480 832 320 0
TilesPiquesE 12544 832 128 128
TilesPiquesE 12608 832 128 128
TilesPiquesE 12672 832 128 128
TilesPiquesE 12736 832 128 128
TilesPiquesE 12800 832 128 128
TilesPiquesE 12864 832 256 0
TilesPiquesE 12992 832 320 0
TilesPiquesE 13056 832 128 128
TilesPiquesE 13120 832 128 128
TilesPiquesE 13184 832 128 128
TilesPiquesE 13248 832 128 128
TilesPiquesE 13312 832 128 128
TilesPiquesE 13376 832 256 0
TilesPiquesE 12352 832 128 128
TilesPiquesE 12288 832 128 128
TilesPiquesE 12224 832 128 128
TilesPiquesE 12160 832 128 128
TilesPiquesE 12096 832 128 128
TilesPiquesE 12032 832 128 128
TilesPiquesE 11968 832 320 0
TilesPiquesE 11840 832 256 0
TilesPiquesE 11776 832 128 128
TilesPiquesE 11712 832 128 128
TilesPiquesE 11648 832 128 128
TilesPiquesE 11584 832 128 128
TilesPiquesE 11520 832 128 128
TilesPiquesE 11456 832 320 0
TilesPiquesE 11328 832 256 0
TilesPiquesE 11264 832 128 128
TilesPiquesE 11200 832 128 128
TilesPiquesE 11136 832 128 128
TilesPiquesE 11072 832 128 128
TilesPiquesE 11008 832 128 128
TilesPiquesE 10944 832 128 128
TilesPiquesE 10880 832 128 128
TilesPiquesE 10816 832 128 128
TilesPiquesE 10752 832 128 128
TilesPiquesE 10688 832 128 128
TilesPiquesE 10624 832 128 128
TilesPiquesE 10560 832 128 128
TilesPiquesE 10496 832 128 128
TilesPiquesE 10432 832 128 128
TilesPiquesE 10368 832 128 128
TilesPiquesE 10304 832 128 128
TilesPiquesE 10240 832 128 128
TilesPiquesE 10176 832 128 128
TilesPiquesE 10112 832 128 128
TilesPiquesE 10048 832 128 128
TilesPiquesE 9984 832 128 128
TilesPiquesE 9920 832 128 128
TilesPiquesE 9856 832 128 128
TilesPiquesE 9792 832 128 128
TilesPiquesE 11328 768 320 128
TilesPiquesE 11840 768 320 128
TilesPiquesE 11840 704 320 128
TilesPiquesE 11840 640 320 64
TilesPiquesE 12352 320 128 64
TilesPiquesE 12352 256 320 128
TilesPiquesE 12352 192 320 128
TilesPiquesE 12352 128 320 128
TilesPiquesE 12352 64 192 0
TilesPiquesE 12864 768 320 128
TilesPiquesE 12864 704 320 128
TilesPiquesE 12864 640 320 128
TilesPiquesE 13376 768 320 128
TilesPiquesE 13376 704 320 128
TilesPiquesE 13376 640 320 128
TilesPiquesE 13376 576 320 64
TilesPiquesE 12864 576 320 64
TilesPiquesE 11328 192 320 128
TilesPiquesE 11328 128 320 128
TilesPiquesE 11328 64 320 128
TilesPiquesE 11328 256 128 64
TilesPiquesE 11456 64 128 0
TilesPiquesE 11520 64 192 128
TilesPiquesE 11584 64 192 128
TilesPiquesE 11648 64 192 128
TilesPiquesE 11712 64 192 128
TilesPiquesE 11776 64 192 128
TilesPiquesE 11840 64 192 128
TilesPiquesE 11968 64 192 128
TilesPiquesE 12032 64 192 128
TilesPiquesE 12096 64 192 128
TilesPiquesE 12160 64 192 128
TilesPiquesE 12224 64 192 128
TilesPiquesE 12288 64 192 128
TilesPiquesE 12480 64 128 0
TilesPiquesE 12544 64 192 128
TilesPiquesE 12608 64 192 128
TilesPiquesE 12672 64 192 128
TilesPiquesE 12736 64 192 128
TilesPiquesE 12800 64 192 128
TilesPiquesE 12864 64 192 128
TilesPiquesE 12992 64 192 128
TilesPiquesE 13056 64 192 128
TilesPiquesE 13120 64 192 128
TilesPiquesE 13184 64 192 128
TilesPiquesE 13248 64 192 128
TilesPiquesE 13312 64 192 128
TilesPiquesE 13376 64 192 128
TilesPiquesE 13440 64 192 128
TilesPiquesE 12992 768 256 128
TilesPiquesE 12992 704 256 128
TilesPiquesE 12992 640 256 128
TilesPiquesE 12992 576 256 128
TilesPiquesE 12992 512 256 128
TilesPiquesE 12480 256 192 64
TilesPiquesE 12480 192 256 128
TilesPiquesE 12480 128 256 128
TilesPiquesE 11968 768 256 128
TilesPiquesE 11968 704 256 128
TilesPiquesE 11968 640 256 128
TilesPiquesE 11968 576 256 128
TilesPiquesE 11968 512 256 64
TilesPiquesE 11456 128 256 128
TilesPiquesE 11456 192 192 64
TilesPiquesE 11456 768 256 128
TilesPiquesE 11456 704 256 64
TilesPiquesE 12480 768 256 64
TilesPiquesE 12992 448 256 64
TilesPiquesE 11328 704 320 64
TilesPiquesE 13568 576 256 128
TilesPiquesE 13568 640 256 128
TilesPiquesE 13568 704 256 128
TilesPiquesE 13568 768 256 128
TilesPiquesE 13568 832 256 128
TilesPiquesE 15104 576 320 128
TilesPiquesE 15104 640 320 128
TilesPiquesE 15104 704 320 128
TilesPiquesE 15104 768 320 128
TilesPiquesE 15104 832 320 128
TilesPiquesE 15104 512 320 128
TilesPiquesE 15040 448 128 64
TilesPiquesE 15104 448 192 0
TilesPiquesE 13632 512 192 64
TilesPiquesE 13632 448 256 128
TilesPiquesE 13568 512 128 0
Drone
7459 500
2658 170
Garde
4053 288
6548 802
Spider
6559 155
4318 226
6115 542
Bouclier
12959 353
2847 289
Special
2849 801
3231 800
3679 737
11422 608
11936 417
12448 673
Montre
1885 803
4448 667
8093 83
Boss
14883 744